  0001    99.7  
  0002    98.7  
  0003    97.8  
  0004    98.1  
  0005    98.0  
  0006    99.6  
  0007    99.1  
  0008    97.7  
  0009    97.9  
  0010    99.9  
  0011    98.4  
  0012    98.3  
  0013   100.0  
  0014    98.8  
  0015    98.3  
  0016    99.2  
  0017    98.0  
  0018    98.2  
  0019    98.9  
  0020    97.9  
  0021    98.5  
  0022    98.3  
  0023    99.1  
  0024   100.1  
  0025    98.9  
  0101    99.2  
  0102    99.7  
  0103    98.9  
  0104    99.7  
  0105    99.9  
  0106   100.1  
  0107    97.8  
  0108    98.4  
  0109   100.3  
  0110    98.2  
  0111    99.5  
  0112    97.8  
  0113    98.0  
  0114    99.7  
  0115    98.0  
  0116    97.7  
  0117    98.4  
  0118   100.1  
  0119    98.2  
  0120    99.3  
  0121    99.4  
  0122   100.1  
  0123    98.6  
  0124    98.1  
  0125   100.3  
  0201    99.5  
  0202    98.8  
  0203    97.7  
  0204    99.8  
  0205    98.9  
  0206    98.1  
  0207    98.1  
  0208   100.2  
  0209    98.4  
  0210    99.4  
  0211    99.4  
  0212    99.6  
  0213    98.4  
  0214    97.9  
  0215    98.7  
  0216    99.9  
  0217    98.4  
  0218    97.7  
  0219    97.6  
  0220    98.0  
  0221    99.8  
  0222    97.5  
  0223    98.1  
  0224    97.7  
  0225   100.2  
